{
 "cells": [
  {
   "cell_type": "markdown",
   "metadata": {},
   "source": [
    "# The Traveling Salesman Problem"
   ]
  },
  {
   "cell_type": "markdown",
   "metadata": {},
   "source": [
    "## This notebook does a few different things to get us to the point where we can visualize the TSP solutions\n",
    "    ### 1) Calculate distances from the Lat Long corrdinates\n",
    "    ### 2) Create a Distance Matrix which is needed for the TSP to find a solution\n",
    "    ### 3) Run the TSP solver\n",
    "    ### 4) Reindex our Pizza Essentials data by the order suggested from the solver\n",
    "    ### 5) Save this result as a geodtaframe Shapefile\n",
    "\n",
    "I will show 3 ways of getting the distance matrix.  They produce similar results.\n",
    "\n",
    "I will show 2 TSP algorithms. They both produce *very different results*.  "
   ]
  },
  {
   "cell_type": "code",
   "execution_count": 1,
   "metadata": {},
   "outputs": [],
   "source": [
    "#If needed, install ortools via pip here\n",
    "#!pip install ortools"
   ]
  },
  {
   "cell_type": "code",
   "execution_count": 2,
   "metadata": {},
   "outputs": [],
   "source": [
    "import json\n",
    "import requests\n",
    "import pandas as pd\n",
    "import numpy as np\n",
    "import geopandas as gpd\n",
    "import matplotlib.pyplot as plt\n"
   ]
  },
  {
   "cell_type": "markdown",
   "metadata": {},
   "source": [
    "## METHOD 1 for Distance Calculation and Matrix \n",
    "and\n",
    "## *METHOD 1 for TSP Algorithm*"
   ]
  },
  {
   "cell_type": "markdown",
   "metadata": {},
   "source": [
    "### This way uses Python's TSP solver \n",
    "\n",
    "https://github.com/dmishin/tsp-solver\n",
    "\n"
   ]
  },
  {
   "cell_type": "code",
   "execution_count": null,
   "metadata": {},
   "outputs": [],
   "source": [
    "#!pip install tsp_solver2"
   ]
  },
  {
   "cell_type": "markdown",
   "metadata": {},
   "source": [
    "### Next 2 cells gets the distance matrix using scipy's distance packages directly"
   ]
  },
  {
   "cell_type": "code",
   "execution_count": 82,
   "metadata": {
    "scrolled": true
   },
   "outputs": [
    {
     "name": "stdout",
     "output_type": "stream",
     "text": [
      "           0         1\n",
      "0  -73.99324  40.70258\n",
      "1  -73.93488  40.79715\n",
      "2  -73.98130  40.59474\n",
      "3  -73.99459  40.72301\n",
      "4  -73.99338  40.66165\n",
      "5  -73.98697  40.75458\n",
      "6  -73.93402  40.70492\n",
      "7  -74.00335  40.73164\n",
      "8  -73.98382  40.57891\n",
      "9  -73.99568  40.72157\n",
      "10 -73.99708  40.71907\n",
      "11 -73.96154  40.62501\n",
      "12 -73.99421  40.75565\n",
      "13 -73.83053  40.70898\n",
      "14 -73.83279  40.69985\n",
      "15 -73.88757  40.85555\n",
      "16 -73.95347  40.71561\n",
      "17 -74.00029  40.68180\n",
      "[[  0.     152.9303 119.7803  21.7797  41.0697  58.2703  61.5603  39.1697\n",
      "  133.0903  21.4297  20.3297 109.2703  54.0397 169.1103 163.1803 258.6403\n",
      "   52.8003  27.8297]\n",
      " [152.9303   0.     248.83   133.85   194.      94.66    93.09   133.98\n",
      "  267.18   136.38   140.28   198.8    100.83   192.52   199.39   105.71\n",
      "  100.13   180.76  ]\n",
      " [119.7803 248.83     0.     141.56    78.99   165.51   157.46   158.95\n",
      "   18.35   141.21   140.11    50.03   173.82   265.01   253.62   354.54\n",
      "  148.7    106.05  ]\n",
      " [ 21.7797 133.85   141.56     0.      62.57    39.19    78.66    17.39\n",
      "  154.87     2.53     6.43   131.05    33.02   178.09   184.96   239.56\n",
      "   48.52    46.91  ]\n",
      " [ 41.0697 194.      78.99    62.57     0.      99.34   102.63    79.96\n",
      "   92.3     62.22    61.12    68.48    94.83   210.18   198.79   299.71\n",
      "   93.87    27.06  ]\n",
      " [ 58.2703  94.66   165.51    39.19    99.34     0.     102.61    39.32\n",
      "  178.82    41.72    45.62   155.       8.31   202.04   208.91   200.37\n",
      "   72.47    86.1   ]\n",
      " [ 61.5603  93.09   157.46    78.66   102.63   102.61     0.      96.05\n",
      "  175.81    78.31    77.21   107.43   110.92   107.55   106.3    197.08\n",
      "   30.14    89.39  ]\n",
      " [ 39.1697 133.98   158.95    17.39    79.96    39.32    96.05     0.\n",
      "  172.26    17.74    18.84   148.44    33.15   195.48   202.35   239.69\n",
      "   65.91    52.9   ]\n",
      " [133.0903 267.18    18.35   154.87    92.3    178.82   175.81   172.26\n",
      "    0.     154.52   153.42    68.38   187.13   283.36   271.97   372.89\n",
      "  167.05   119.36  ]\n",
      " [ 21.4297 136.38   141.21     2.53    62.22    41.72    78.31    17.74\n",
      "  154.52     0.       3.9    130.7     35.55   177.74   184.61   242.09\n",
      "   48.17    44.38  ]\n",
      " [ 20.3297 140.28   140.11     6.43    61.12    45.62    77.21    18.84\n",
      "  153.42     3.9      0.     129.6     39.45   176.64   183.51   245.99\n",
      "   47.07    40.48  ]\n",
      " [109.2703 198.8     50.03   131.05    68.48   155.     107.43   148.44\n",
      "   68.38   130.7    129.6      0.     163.31   214.98   203.59   304.51\n",
      "   98.67    95.54  ]\n",
      " [ 54.0397 100.83   173.82    33.02    94.83     8.31   110.92    33.15\n",
      "  187.13    35.55    39.45   163.31     0.     210.35   217.22   206.54\n",
      "   80.78    79.93  ]\n",
      " [169.1103 192.52   265.01   178.09   210.18   202.04   107.55   195.48\n",
      "  283.36   177.74   176.64   214.98   210.35     0.      11.39   203.61\n",
      "  129.57   196.94  ]\n",
      " [163.1803 199.39   253.62   184.96   198.79   208.91   106.3    202.35\n",
      "  271.97   184.61   183.51   203.59   217.22    11.39     0.     210.48\n",
      "  136.44   185.55  ]\n",
      " [258.6403 105.71   354.54   239.56   299.71   200.37   197.08   239.69\n",
      "  372.89   242.09   245.99   304.51   206.54   203.61   210.48     0.\n",
      "  205.84   286.47  ]\n",
      " [ 52.8003 100.13   148.7     48.52    93.87    72.47    30.14    65.91\n",
      "  167.05    48.17    47.07    98.67    80.78   129.57   136.44   205.84\n",
      "    0.      80.63  ]\n",
      " [ 27.8297 180.76   106.05    46.91    27.06    86.1     89.39    52.9\n",
      "  119.36    44.38    40.48    95.54    79.93   196.94   185.55   286.47\n",
      "   80.63     0.    ]]\n"
     ]
    }
   ],
   "source": [
    "\n",
    "from  scipy.spatial.distance import pdist, squareform\n",
    "df = pd.read_csv(\"../data/PizzaEssentials_Reduced.csv\", usecols=[\"Latitude\", \"Longitude\"])\n",
    "df.columns = range(df.shape[1])\n",
    "print(df)\n",
    "SCIdist = pdist(df, 'cityblock')\n",
    "distance_matrix1 = squareform(SCIdist) *1000\n",
    "print(distance_matrix1)"
   ]
  },
  {
   "cell_type": "markdown",
   "metadata": {},
   "source": [
    "#Another way\n",
    "from scipy.spatial import distance\n",
    "SCIdist2 = distance.cdist(df,df, 'cityblock') \n",
    "distance_matrix2 = (squareform(SCIdist2) *1000).astype(int)"
   ]
  },
  {
   "cell_type": "code",
   "execution_count": 83,
   "metadata": {},
   "outputs": [
    {
     "name": "stdout",
     "output_type": "stream",
     "text": [
      "Help on module tsp_solver.greedy_numpy in tsp_solver:\n",
      "\n",
      "NAME\n",
      "    tsp_solver.greedy_numpy\n",
      "\n",
      "FUNCTIONS\n",
      "    pairs_by_dist_np(N, distances)\n",
      "        optimized version of pairs_by_dist, using numpy\n",
      "    \n",
      "    solve_tsp(distances, optim_steps=3, pairs_by_dist=<function pairs_by_dist_np at 0x10bc3db00>, endpoints=None)\n",
      "        Given a distance matrix, finds a solution for the TSP problem.\n",
      "        Returns list of vertex indices.\n",
      "        Version that uses Numpy - consumes less memory and works faster.\n",
      "\n",
      "FILE\n",
      "    /Users/RoscoeBColtrane/anaconda3/lib/python3.7/site-packages/tsp_solver/greedy_numpy.py\n",
      "\n",
      "\n"
     ]
    }
   ],
   "source": [
    "import tsp_solver.greedy_numpy\n",
    "help(tsp_solver.greedy_numpy)"
   ]
  },
  {
   "cell_type": "code",
   "execution_count": 84,
   "metadata": {},
   "outputs": [
    {
     "name": "stdout",
     "output_type": "stream",
     "text": [
      "[8, 2, 11, 4, 17, 0, 10, 9, 3, 7, 12, 5, 16, 6, 1, 15, 13, 14]\n"
     ]
    }
   ],
   "source": [
    "from tsp_solver.greedy_numpy import solve_tsp\n",
    "\n",
    "optimized_path = solve_tsp(distance_matrix1)  \n",
    "print(optimized_path)"
   ]
  },
  {
   "cell_type": "code",
   "execution_count": 85,
   "metadata": {},
   "outputs": [
    {
     "data": {
      "text/html": [
       "<div>\n",
       "<style scoped>\n",
       "    .dataframe tbody tr th:only-of-type {\n",
       "        vertical-align: middle;\n",
       "    }\n",
       "\n",
       "    .dataframe tbody tr th {\n",
       "        vertical-align: top;\n",
       "    }\n",
       "\n",
       "    .dataframe thead th {\n",
       "        text-align: right;\n",
       "    }\n",
       "</style>\n",
       "<table border=\"1\" class=\"dataframe\">\n",
       "  <thead>\n",
       "    <tr style=\"text-align: right;\">\n",
       "      <th></th>\n",
       "      <th>Longitude</th>\n",
       "      <th>Latitude</th>\n",
       "      <th>Name</th>\n",
       "      <th>Comment</th>\n",
       "      <th>URL</th>\n",
       "      <th>ID</th>\n",
       "    </tr>\n",
       "  </thead>\n",
       "  <tbody>\n",
       "    <tr>\n",
       "      <th>8</th>\n",
       "      <td>-73.98382</td>\n",
       "      <td>40.57891</td>\n",
       "      <td>Totonno's Pizzeria</td>\n",
       "      <td>Second pizzeria in NY. He was the head chef at...</td>\n",
       "      <td>https://www.google.com/maps/place/Totonno's/da...</td>\n",
       "      <td>0</td>\n",
       "    </tr>\n",
       "    <tr>\n",
       "      <th>2</th>\n",
       "      <td>-73.98130</td>\n",
       "      <td>40.59474</td>\n",
       "      <td>L&amp;B Spumoni Gardens</td>\n",
       "      <td>since 1939, the real deal ice cream of Italy.....</td>\n",
       "      <td>https://www.google.com/maps/place/L%26B+Spumon...</td>\n",
       "      <td>1</td>\n",
       "    </tr>\n",
       "    <tr>\n",
       "      <th>11</th>\n",
       "      <td>-73.96154</td>\n",
       "      <td>40.62501</td>\n",
       "      <td>Di Fara Pizza</td>\n",
       "      <td>OG!  this man started it all, and inspired eve...</td>\n",
       "      <td>https://www.google.com/maps/place/Di+Fara+Pizz...</td>\n",
       "      <td>2</td>\n",
       "    </tr>\n",
       "    <tr>\n",
       "      <th>4</th>\n",
       "      <td>-73.99338</td>\n",
       "      <td>40.66165</td>\n",
       "      <td>Luigi's Pizza</td>\n",
       "      <td>long family owned joint. still cracking out th...</td>\n",
       "      <td>https://www.google.com/maps/place/Luigi's+Pizz...</td>\n",
       "      <td>3</td>\n",
       "    </tr>\n",
       "    <tr>\n",
       "      <th>17</th>\n",
       "      <td>-74.00029</td>\n",
       "      <td>40.68180</td>\n",
       "      <td>Lucali</td>\n",
       "      <td>Place with the fun loving neighborhood focused...</td>\n",
       "      <td>https://www.google.com/maps/place/Lucali/data=...</td>\n",
       "      <td>4</td>\n",
       "    </tr>\n",
       "    <tr>\n",
       "      <th>0</th>\n",
       "      <td>-73.99324</td>\n",
       "      <td>40.70258</td>\n",
       "      <td>Grimaldi's Pizzeria</td>\n",
       "      <td>also coal fired. A descendant of Lombardi's pi...</td>\n",
       "      <td>https://www.google.com/maps/place/Grimaldi's+P...</td>\n",
       "      <td>5</td>\n",
       "    </tr>\n",
       "    <tr>\n",
       "      <th>10</th>\n",
       "      <td>-73.99708</td>\n",
       "      <td>40.71907</td>\n",
       "      <td>Ferrara Bakery &amp; Cafe</td>\n",
       "      <td>gotta get some pastries. Cannolis</td>\n",
       "      <td>https://www.google.com/maps/place/Ferrara+Bake...</td>\n",
       "      <td>6</td>\n",
       "    </tr>\n",
       "    <tr>\n",
       "      <th>9</th>\n",
       "      <td>-73.99568</td>\n",
       "      <td>40.72157</td>\n",
       "      <td>Lombardi's Pizza</td>\n",
       "      <td>first licensed pizzeria in NY. Coal Fired sinc...</td>\n",
       "      <td>https://www.google.com/maps/place/Lombardi's+P...</td>\n",
       "      <td>7</td>\n",
       "    </tr>\n",
       "    <tr>\n",
       "      <th>3</th>\n",
       "      <td>-73.99459</td>\n",
       "      <td>40.72301</td>\n",
       "      <td>Prince St. Pizza</td>\n",
       "      <td>NOLITA!!! neighborhood slice joint. reimaginin...</td>\n",
       "      <td>https://www.google.com/maps/place/Prince+St.+P...</td>\n",
       "      <td>8</td>\n",
       "    </tr>\n",
       "    <tr>\n",
       "      <th>7</th>\n",
       "      <td>-74.00335</td>\n",
       "      <td>40.73164</td>\n",
       "      <td>John's of Bleecker St.</td>\n",
       "      <td>John's was third pizzeria. John's is prolly th...</td>\n",
       "      <td>https://www.google.com/maps/place/John's+of+Bl...</td>\n",
       "      <td>9</td>\n",
       "    </tr>\n",
       "    <tr>\n",
       "      <th>12</th>\n",
       "      <td>-73.99421</td>\n",
       "      <td>40.75565</td>\n",
       "      <td>Esposito Meat Market</td>\n",
       "      <td>meat!  game meat! made in house sausages</td>\n",
       "      <td>https://www.google.com/maps/place/Esposito+Mea...</td>\n",
       "      <td>10</td>\n",
       "    </tr>\n",
       "    <tr>\n",
       "      <th>5</th>\n",
       "      <td>-73.98697</td>\n",
       "      <td>40.75458</td>\n",
       "      <td>Joe's Pizza</td>\n",
       "      <td>quintessential NY slice. Just lean on an elbow...</td>\n",
       "      <td>https://www.google.com/maps/place/Joe's+Pizza/...</td>\n",
       "      <td>11</td>\n",
       "    </tr>\n",
       "    <tr>\n",
       "      <th>16</th>\n",
       "      <td>-73.95347</td>\n",
       "      <td>40.71561</td>\n",
       "      <td>Best Pizza</td>\n",
       "      <td>Pizza from the Vice Pizza Show</td>\n",
       "      <td>https://www.google.com/maps/place/Leo/data=!4m...</td>\n",
       "      <td>12</td>\n",
       "    </tr>\n",
       "    <tr>\n",
       "      <th>6</th>\n",
       "      <td>-73.93402</td>\n",
       "      <td>40.70492</td>\n",
       "      <td>Roberta's Pizza &amp; Bakery</td>\n",
       "      <td>Neapolitan neighborhood joint</td>\n",
       "      <td>https://www.google.com/maps/place/Roberta's+Pi...</td>\n",
       "      <td>13</td>\n",
       "    </tr>\n",
       "    <tr>\n",
       "      <th>1</th>\n",
       "      <td>-73.93488</td>\n",
       "      <td>40.79715</td>\n",
       "      <td>Patsy's Pizzeria</td>\n",
       "      <td>an OG joint in East Harlem. prolly the 4 pizze...</td>\n",
       "      <td>https://www.google.com/maps/place/Patsy's+Pizz...</td>\n",
       "      <td>14</td>\n",
       "    </tr>\n",
       "    <tr>\n",
       "      <th>15</th>\n",
       "      <td>-73.88757</td>\n",
       "      <td>40.85555</td>\n",
       "      <td>Bronx Little Italy</td>\n",
       "      <td>\"Start at prince coffee house on Arthur Avenue...</td>\n",
       "      <td>https://www.google.com/maps/place/Bronx+Little...</td>\n",
       "      <td>15</td>\n",
       "    </tr>\n",
       "    <tr>\n",
       "      <th>13</th>\n",
       "      <td>-73.83053</td>\n",
       "      <td>40.70898</td>\n",
       "      <td>Dani's House of Pizza</td>\n",
       "      <td>Action Bronson's first joint</td>\n",
       "      <td>https://www.google.com/maps/place/Dani's+House...</td>\n",
       "      <td>16</td>\n",
       "    </tr>\n",
       "    <tr>\n",
       "      <th>14</th>\n",
       "      <td>-73.83279</td>\n",
       "      <td>40.69985</td>\n",
       "      <td>Alfie's Pizza</td>\n",
       "      <td>Action Bronson's second joint</td>\n",
       "      <td>https://www.google.com/maps/place/Alfie's+Pizz...</td>\n",
       "      <td>17</td>\n",
       "    </tr>\n",
       "  </tbody>\n",
       "</table>\n",
       "</div>"
      ],
      "text/plain": [
       "    Longitude  Latitude                      Name  \\\n",
       "8   -73.98382  40.57891        Totonno's Pizzeria   \n",
       "2   -73.98130  40.59474       L&B Spumoni Gardens   \n",
       "11  -73.96154  40.62501             Di Fara Pizza   \n",
       "4   -73.99338  40.66165             Luigi's Pizza   \n",
       "17  -74.00029  40.68180                    Lucali   \n",
       "0   -73.99324  40.70258       Grimaldi's Pizzeria   \n",
       "10  -73.99708  40.71907     Ferrara Bakery & Cafe   \n",
       "9   -73.99568  40.72157          Lombardi's Pizza   \n",
       "3   -73.99459  40.72301          Prince St. Pizza   \n",
       "7   -74.00335  40.73164    John's of Bleecker St.   \n",
       "12  -73.99421  40.75565      Esposito Meat Market   \n",
       "5   -73.98697  40.75458               Joe's Pizza   \n",
       "16  -73.95347  40.71561                Best Pizza   \n",
       "6   -73.93402  40.70492  Roberta's Pizza & Bakery   \n",
       "1   -73.93488  40.79715          Patsy's Pizzeria   \n",
       "15  -73.88757  40.85555        Bronx Little Italy   \n",
       "13  -73.83053  40.70898     Dani's House of Pizza   \n",
       "14  -73.83279  40.69985             Alfie's Pizza   \n",
       "\n",
       "                                              Comment  \\\n",
       "8   Second pizzeria in NY. He was the head chef at...   \n",
       "2   since 1939, the real deal ice cream of Italy.....   \n",
       "11  OG!  this man started it all, and inspired eve...   \n",
       "4   long family owned joint. still cracking out th...   \n",
       "17  Place with the fun loving neighborhood focused...   \n",
       "0   also coal fired. A descendant of Lombardi's pi...   \n",
       "10                  gotta get some pastries. Cannolis   \n",
       "9   first licensed pizzeria in NY. Coal Fired sinc...   \n",
       "3   NOLITA!!! neighborhood slice joint. reimaginin...   \n",
       "7   John's was third pizzeria. John's is prolly th...   \n",
       "12           meat!  game meat! made in house sausages   \n",
       "5   quintessential NY slice. Just lean on an elbow...   \n",
       "16                     Pizza from the Vice Pizza Show   \n",
       "6                       Neapolitan neighborhood joint   \n",
       "1   an OG joint in East Harlem. prolly the 4 pizze...   \n",
       "15  \"Start at prince coffee house on Arthur Avenue...   \n",
       "13                       Action Bronson's first joint   \n",
       "14                      Action Bronson's second joint   \n",
       "\n",
       "                                                  URL  ID  \n",
       "8   https://www.google.com/maps/place/Totonno's/da...   0  \n",
       "2   https://www.google.com/maps/place/L%26B+Spumon...   1  \n",
       "11  https://www.google.com/maps/place/Di+Fara+Pizz...   2  \n",
       "4   https://www.google.com/maps/place/Luigi's+Pizz...   3  \n",
       "17  https://www.google.com/maps/place/Lucali/data=...   4  \n",
       "0   https://www.google.com/maps/place/Grimaldi's+P...   5  \n",
       "10  https://www.google.com/maps/place/Ferrara+Bake...   6  \n",
       "9   https://www.google.com/maps/place/Lombardi's+P...   7  \n",
       "3   https://www.google.com/maps/place/Prince+St.+P...   8  \n",
       "7   https://www.google.com/maps/place/John's+of+Bl...   9  \n",
       "12  https://www.google.com/maps/place/Esposito+Mea...  10  \n",
       "5   https://www.google.com/maps/place/Joe's+Pizza/...  11  \n",
       "16  https://www.google.com/maps/place/Leo/data=!4m...  12  \n",
       "6   https://www.google.com/maps/place/Roberta's+Pi...  13  \n",
       "1   https://www.google.com/maps/place/Patsy's+Pizz...  14  \n",
       "15  https://www.google.com/maps/place/Bronx+Little...  15  \n",
       "13  https://www.google.com/maps/place/Dani's+House...  16  \n",
       "14  https://www.google.com/maps/place/Alfie's+Pizz...  17  "
      ]
     },
     "execution_count": 85,
     "metadata": {},
     "output_type": "execute_result"
    }
   ],
   "source": [
    "df2 = pd.read_csv(\"../data/PizzaEssentials_Reduced.csv\", usecols = ['Longitude', 'Latitude', 'Name','Comment',\"URL\"])\n",
    "strs3 = [8, 2, 11, 4, 17, 0, 10, 9, 3, 7, 12, 5, 16, 6, 1, 15, 13, 14]\n",
    "reindexed = df2.reindex(strs3)\n",
    "\n",
    "reindexed['ID'] = range(len(reindexed))\n",
    "reindexed\n"
   ]
  },
  {
   "cell_type": "code",
   "execution_count": 86,
   "metadata": {},
   "outputs": [
    {
     "data": {
      "text/html": [
       "<div>\n",
       "<style scoped>\n",
       "    .dataframe tbody tr th:only-of-type {\n",
       "        vertical-align: middle;\n",
       "    }\n",
       "\n",
       "    .dataframe tbody tr th {\n",
       "        vertical-align: top;\n",
       "    }\n",
       "\n",
       "    .dataframe thead th {\n",
       "        text-align: right;\n",
       "    }\n",
       "</style>\n",
       "<table border=\"1\" class=\"dataframe\">\n",
       "  <thead>\n",
       "    <tr style=\"text-align: right;\">\n",
       "      <th></th>\n",
       "      <th>Longitude</th>\n",
       "      <th>Latitude</th>\n",
       "      <th>Name</th>\n",
       "      <th>Comment</th>\n",
       "      <th>URL</th>\n",
       "      <th>ID</th>\n",
       "      <th>geometry</th>\n",
       "    </tr>\n",
       "  </thead>\n",
       "  <tbody>\n",
       "    <tr>\n",
       "      <th>8</th>\n",
       "      <td>-73.98382</td>\n",
       "      <td>40.57891</td>\n",
       "      <td>Totonno's Pizzeria</td>\n",
       "      <td>Second pizzeria in NY. He was the head chef at...</td>\n",
       "      <td>https://www.google.com/maps/place/Totonno's/da...</td>\n",
       "      <td>0</td>\n",
       "      <td>POINT (-73.98382 40.57891)</td>\n",
       "    </tr>\n",
       "    <tr>\n",
       "      <th>2</th>\n",
       "      <td>-73.98130</td>\n",
       "      <td>40.59474</td>\n",
       "      <td>L&amp;B Spumoni Gardens</td>\n",
       "      <td>since 1939, the real deal ice cream of Italy.....</td>\n",
       "      <td>https://www.google.com/maps/place/L%26B+Spumon...</td>\n",
       "      <td>1</td>\n",
       "      <td>POINT (-73.98130 40.59474)</td>\n",
       "    </tr>\n",
       "    <tr>\n",
       "      <th>11</th>\n",
       "      <td>-73.96154</td>\n",
       "      <td>40.62501</td>\n",
       "      <td>Di Fara Pizza</td>\n",
       "      <td>OG!  this man started it all, and inspired eve...</td>\n",
       "      <td>https://www.google.com/maps/place/Di+Fara+Pizz...</td>\n",
       "      <td>2</td>\n",
       "      <td>POINT (-73.96154 40.62501)</td>\n",
       "    </tr>\n",
       "    <tr>\n",
       "      <th>4</th>\n",
       "      <td>-73.99338</td>\n",
       "      <td>40.66165</td>\n",
       "      <td>Luigi's Pizza</td>\n",
       "      <td>long family owned joint. still cracking out th...</td>\n",
       "      <td>https://www.google.com/maps/place/Luigi's+Pizz...</td>\n",
       "      <td>3</td>\n",
       "      <td>POINT (-73.99338 40.66165)</td>\n",
       "    </tr>\n",
       "    <tr>\n",
       "      <th>17</th>\n",
       "      <td>-74.00029</td>\n",
       "      <td>40.68180</td>\n",
       "      <td>Lucali</td>\n",
       "      <td>Place with the fun loving neighborhood focused...</td>\n",
       "      <td>https://www.google.com/maps/place/Lucali/data=...</td>\n",
       "      <td>4</td>\n",
       "      <td>POINT (-74.00029 40.68180)</td>\n",
       "    </tr>\n",
       "  </tbody>\n",
       "</table>\n",
       "</div>"
      ],
      "text/plain": [
       "    Longitude  Latitude                 Name  \\\n",
       "8   -73.98382  40.57891   Totonno's Pizzeria   \n",
       "2   -73.98130  40.59474  L&B Spumoni Gardens   \n",
       "11  -73.96154  40.62501        Di Fara Pizza   \n",
       "4   -73.99338  40.66165        Luigi's Pizza   \n",
       "17  -74.00029  40.68180               Lucali   \n",
       "\n",
       "                                              Comment  \\\n",
       "8   Second pizzeria in NY. He was the head chef at...   \n",
       "2   since 1939, the real deal ice cream of Italy.....   \n",
       "11  OG!  this man started it all, and inspired eve...   \n",
       "4   long family owned joint. still cracking out th...   \n",
       "17  Place with the fun loving neighborhood focused...   \n",
       "\n",
       "                                                  URL  ID  \\\n",
       "8   https://www.google.com/maps/place/Totonno's/da...   0   \n",
       "2   https://www.google.com/maps/place/L%26B+Spumon...   1   \n",
       "11  https://www.google.com/maps/place/Di+Fara+Pizz...   2   \n",
       "4   https://www.google.com/maps/place/Luigi's+Pizz...   3   \n",
       "17  https://www.google.com/maps/place/Lucali/data=...   4   \n",
       "\n",
       "                      geometry  \n",
       "8   POINT (-73.98382 40.57891)  \n",
       "2   POINT (-73.98130 40.59474)  \n",
       "11  POINT (-73.96154 40.62501)  \n",
       "4   POINT (-73.99338 40.66165)  \n",
       "17  POINT (-74.00029 40.68180)  "
      ]
     },
     "execution_count": 86,
     "metadata": {},
     "output_type": "execute_result"
    }
   ],
   "source": [
    "# And also make this a geodataframe and save this as a Shapefile \n",
    "import geopandas\n",
    "import shapely\n",
    "from shapely.geometry import Point\n",
    "\n",
    "geometry = [Point(xy) for xy in zip(reindexed['Longitude'], reindexed['Latitude'])]\n",
    "\n",
    "# Convert the count df to geodf\n",
    "points = geopandas.GeoDataFrame(reindexed, geometry=geometry)\n",
    "points.head()"
   ]
  },
  {
   "cell_type": "code",
   "execution_count": 87,
   "metadata": {},
   "outputs": [],
   "source": [
    "# MUST SAVE A SHP FOR FUTURE USE AS A GDF\n",
    "points.to_file(\"../shapefiles/pizzaTSPgeopandas17-2.shp\")\n",
    "#type(points)"
   ]
  },
  {
   "cell_type": "markdown",
   "metadata": {},
   "source": [
    "# *METHOD 1 to get the distance matrix*\n",
    "   ###  USE SCIPY TO FIND MANHATTAN DISTANCE.\n",
    "   HERE IS A PYTHON SCRIPT THAT CAN BE CALLED TO FIND ALL TYPES OF DISTANCES: HAVERSINCE, EUCLIDEAN, MANHATTAN CITYBLOCK, ETC\n",
    "   ### https://docs.scipy.org/doc/scipy/reference/spatial.distance.html\n",
    "   \n",
    "   Here is cityblock but you can use euclidean too.  Haversine mandates its own import package"
   ]
  },
  {
   "cell_type": "code",
   "execution_count": 50,
   "metadata": {
    "scrolled": true
   },
   "outputs": [
    {
     "data": {
      "text/html": [
       "<div>\n",
       "<style scoped>\n",
       "    .dataframe tbody tr th:only-of-type {\n",
       "        vertical-align: middle;\n",
       "    }\n",
       "\n",
       "    .dataframe tbody tr th {\n",
       "        vertical-align: top;\n",
       "    }\n",
       "\n",
       "    .dataframe thead th {\n",
       "        text-align: right;\n",
       "    }\n",
       "</style>\n",
       "<table border=\"1\" class=\"dataframe\">\n",
       "  <thead>\n",
       "    <tr style=\"text-align: right;\">\n",
       "      <th></th>\n",
       "      <th>0</th>\n",
       "      <th>1</th>\n",
       "      <th>2</th>\n",
       "      <th>3</th>\n",
       "      <th>4</th>\n",
       "      <th>5</th>\n",
       "      <th>6</th>\n",
       "      <th>7</th>\n",
       "      <th>8</th>\n",
       "      <th>9</th>\n",
       "      <th>10</th>\n",
       "      <th>11</th>\n",
       "      <th>12</th>\n",
       "      <th>13</th>\n",
       "      <th>14</th>\n",
       "      <th>15</th>\n",
       "      <th>16</th>\n",
       "      <th>17</th>\n",
       "    </tr>\n",
       "  </thead>\n",
       "  <tbody>\n",
       "    <tr>\n",
       "      <th>0</th>\n",
       "      <td>0.0000</td>\n",
       "      <td>152.9303</td>\n",
       "      <td>119.7803</td>\n",
       "      <td>21.7797</td>\n",
       "      <td>41.0697</td>\n",
       "      <td>58.2703</td>\n",
       "      <td>61.5603</td>\n",
       "      <td>39.1697</td>\n",
       "      <td>133.0903</td>\n",
       "      <td>21.4297</td>\n",
       "      <td>20.3297</td>\n",
       "      <td>109.2703</td>\n",
       "      <td>54.0397</td>\n",
       "      <td>169.1103</td>\n",
       "      <td>163.1803</td>\n",
       "      <td>258.6403</td>\n",
       "      <td>52.8003</td>\n",
       "      <td>27.8297</td>\n",
       "    </tr>\n",
       "    <tr>\n",
       "      <th>1</th>\n",
       "      <td>152.9303</td>\n",
       "      <td>0.0000</td>\n",
       "      <td>248.8300</td>\n",
       "      <td>133.8500</td>\n",
       "      <td>194.0000</td>\n",
       "      <td>94.6600</td>\n",
       "      <td>93.0900</td>\n",
       "      <td>133.9800</td>\n",
       "      <td>267.1800</td>\n",
       "      <td>136.3800</td>\n",
       "      <td>140.2800</td>\n",
       "      <td>198.8000</td>\n",
       "      <td>100.8300</td>\n",
       "      <td>192.5200</td>\n",
       "      <td>199.3900</td>\n",
       "      <td>105.7100</td>\n",
       "      <td>100.1300</td>\n",
       "      <td>180.7600</td>\n",
       "    </tr>\n",
       "    <tr>\n",
       "      <th>2</th>\n",
       "      <td>119.7803</td>\n",
       "      <td>248.8300</td>\n",
       "      <td>0.0000</td>\n",
       "      <td>141.5600</td>\n",
       "      <td>78.9900</td>\n",
       "      <td>165.5100</td>\n",
       "      <td>157.4600</td>\n",
       "      <td>158.9500</td>\n",
       "      <td>18.3500</td>\n",
       "      <td>141.2100</td>\n",
       "      <td>140.1100</td>\n",
       "      <td>50.0300</td>\n",
       "      <td>173.8200</td>\n",
       "      <td>265.0100</td>\n",
       "      <td>253.6200</td>\n",
       "      <td>354.5400</td>\n",
       "      <td>148.7000</td>\n",
       "      <td>106.0500</td>\n",
       "    </tr>\n",
       "    <tr>\n",
       "      <th>3</th>\n",
       "      <td>21.7797</td>\n",
       "      <td>133.8500</td>\n",
       "      <td>141.5600</td>\n",
       "      <td>0.0000</td>\n",
       "      <td>62.5700</td>\n",
       "      <td>39.1900</td>\n",
       "      <td>78.6600</td>\n",
       "      <td>17.3900</td>\n",
       "      <td>154.8700</td>\n",
       "      <td>2.5300</td>\n",
       "      <td>6.4300</td>\n",
       "      <td>131.0500</td>\n",
       "      <td>33.0200</td>\n",
       "      <td>178.0900</td>\n",
       "      <td>184.9600</td>\n",
       "      <td>239.5600</td>\n",
       "      <td>48.5200</td>\n",
       "      <td>46.9100</td>\n",
       "    </tr>\n",
       "    <tr>\n",
       "      <th>4</th>\n",
       "      <td>41.0697</td>\n",
       "      <td>194.0000</td>\n",
       "      <td>78.9900</td>\n",
       "      <td>62.5700</td>\n",
       "      <td>0.0000</td>\n",
       "      <td>99.3400</td>\n",
       "      <td>102.6300</td>\n",
       "      <td>79.9600</td>\n",
       "      <td>92.3000</td>\n",
       "      <td>62.2200</td>\n",
       "      <td>61.1200</td>\n",
       "      <td>68.4800</td>\n",
       "      <td>94.8300</td>\n",
       "      <td>210.1800</td>\n",
       "      <td>198.7900</td>\n",
       "      <td>299.7100</td>\n",
       "      <td>93.8700</td>\n",
       "      <td>27.0600</td>\n",
       "    </tr>\n",
       "    <tr>\n",
       "      <th>5</th>\n",
       "      <td>58.2703</td>\n",
       "      <td>94.6600</td>\n",
       "      <td>165.5100</td>\n",
       "      <td>39.1900</td>\n",
       "      <td>99.3400</td>\n",
       "      <td>0.0000</td>\n",
       "      <td>102.6100</td>\n",
       "      <td>39.3200</td>\n",
       "      <td>178.8200</td>\n",
       "      <td>41.7200</td>\n",
       "      <td>45.6200</td>\n",
       "      <td>155.0000</td>\n",
       "      <td>8.3100</td>\n",
       "      <td>202.0400</td>\n",
       "      <td>208.9100</td>\n",
       "      <td>200.3700</td>\n",
       "      <td>72.4700</td>\n",
       "      <td>86.1000</td>\n",
       "    </tr>\n",
       "    <tr>\n",
       "      <th>6</th>\n",
       "      <td>61.5603</td>\n",
       "      <td>93.0900</td>\n",
       "      <td>157.4600</td>\n",
       "      <td>78.6600</td>\n",
       "      <td>102.6300</td>\n",
       "      <td>102.6100</td>\n",
       "      <td>0.0000</td>\n",
       "      <td>96.0500</td>\n",
       "      <td>175.8100</td>\n",
       "      <td>78.3100</td>\n",
       "      <td>77.2100</td>\n",
       "      <td>107.4300</td>\n",
       "      <td>110.9200</td>\n",
       "      <td>107.5500</td>\n",
       "      <td>106.3000</td>\n",
       "      <td>197.0800</td>\n",
       "      <td>30.1400</td>\n",
       "      <td>89.3900</td>\n",
       "    </tr>\n",
       "    <tr>\n",
       "      <th>7</th>\n",
       "      <td>39.1697</td>\n",
       "      <td>133.9800</td>\n",
       "      <td>158.9500</td>\n",
       "      <td>17.3900</td>\n",
       "      <td>79.9600</td>\n",
       "      <td>39.3200</td>\n",
       "      <td>96.0500</td>\n",
       "      <td>0.0000</td>\n",
       "      <td>172.2600</td>\n",
       "      <td>17.7400</td>\n",
       "      <td>18.8400</td>\n",
       "      <td>148.4400</td>\n",
       "      <td>33.1500</td>\n",
       "      <td>195.4800</td>\n",
       "      <td>202.3500</td>\n",
       "      <td>239.6900</td>\n",
       "      <td>65.9100</td>\n",
       "      <td>52.9000</td>\n",
       "    </tr>\n",
       "    <tr>\n",
       "      <th>8</th>\n",
       "      <td>133.0903</td>\n",
       "      <td>267.1800</td>\n",
       "      <td>18.3500</td>\n",
       "      <td>154.8700</td>\n",
       "      <td>92.3000</td>\n",
       "      <td>178.8200</td>\n",
       "      <td>175.8100</td>\n",
       "      <td>172.2600</td>\n",
       "      <td>0.0000</td>\n",
       "      <td>154.5200</td>\n",
       "      <td>153.4200</td>\n",
       "      <td>68.3800</td>\n",
       "      <td>187.1300</td>\n",
       "      <td>283.3600</td>\n",
       "      <td>271.9700</td>\n",
       "      <td>372.8900</td>\n",
       "      <td>167.0500</td>\n",
       "      <td>119.3600</td>\n",
       "    </tr>\n",
       "    <tr>\n",
       "      <th>9</th>\n",
       "      <td>21.4297</td>\n",
       "      <td>136.3800</td>\n",
       "      <td>141.2100</td>\n",
       "      <td>2.5300</td>\n",
       "      <td>62.2200</td>\n",
       "      <td>41.7200</td>\n",
       "      <td>78.3100</td>\n",
       "      <td>17.7400</td>\n",
       "      <td>154.5200</td>\n",
       "      <td>0.0000</td>\n",
       "      <td>3.9000</td>\n",
       "      <td>130.7000</td>\n",
       "      <td>35.5500</td>\n",
       "      <td>177.7400</td>\n",
       "      <td>184.6100</td>\n",
       "      <td>242.0900</td>\n",
       "      <td>48.1700</td>\n",
       "      <td>44.3800</td>\n",
       "    </tr>\n",
       "    <tr>\n",
       "      <th>10</th>\n",
       "      <td>20.3297</td>\n",
       "      <td>140.2800</td>\n",
       "      <td>140.1100</td>\n",
       "      <td>6.4300</td>\n",
       "      <td>61.1200</td>\n",
       "      <td>45.6200</td>\n",
       "      <td>77.2100</td>\n",
       "      <td>18.8400</td>\n",
       "      <td>153.4200</td>\n",
       "      <td>3.9000</td>\n",
       "      <td>0.0000</td>\n",
       "      <td>129.6000</td>\n",
       "      <td>39.4500</td>\n",
       "      <td>176.6400</td>\n",
       "      <td>183.5100</td>\n",
       "      <td>245.9900</td>\n",
       "      <td>47.0700</td>\n",
       "      <td>40.4800</td>\n",
       "    </tr>\n",
       "    <tr>\n",
       "      <th>11</th>\n",
       "      <td>109.2703</td>\n",
       "      <td>198.8000</td>\n",
       "      <td>50.0300</td>\n",
       "      <td>131.0500</td>\n",
       "      <td>68.4800</td>\n",
       "      <td>155.0000</td>\n",
       "      <td>107.4300</td>\n",
       "      <td>148.4400</td>\n",
       "      <td>68.3800</td>\n",
       "      <td>130.7000</td>\n",
       "      <td>129.6000</td>\n",
       "      <td>0.0000</td>\n",
       "      <td>163.3100</td>\n",
       "      <td>214.9800</td>\n",
       "      <td>203.5900</td>\n",
       "      <td>304.5100</td>\n",
       "      <td>98.6700</td>\n",
       "      <td>95.5400</td>\n",
       "    </tr>\n",
       "    <tr>\n",
       "      <th>12</th>\n",
       "      <td>54.0397</td>\n",
       "      <td>100.8300</td>\n",
       "      <td>173.8200</td>\n",
       "      <td>33.0200</td>\n",
       "      <td>94.8300</td>\n",
       "      <td>8.3100</td>\n",
       "      <td>110.9200</td>\n",
       "      <td>33.1500</td>\n",
       "      <td>187.1300</td>\n",
       "      <td>35.5500</td>\n",
       "      <td>39.4500</td>\n",
       "      <td>163.3100</td>\n",
       "      <td>0.0000</td>\n",
       "      <td>210.3500</td>\n",
       "      <td>217.2200</td>\n",
       "      <td>206.5400</td>\n",
       "      <td>80.7800</td>\n",
       "      <td>79.9300</td>\n",
       "    </tr>\n",
       "    <tr>\n",
       "      <th>13</th>\n",
       "      <td>169.1103</td>\n",
       "      <td>192.5200</td>\n",
       "      <td>265.0100</td>\n",
       "      <td>178.0900</td>\n",
       "      <td>210.1800</td>\n",
       "      <td>202.0400</td>\n",
       "      <td>107.5500</td>\n",
       "      <td>195.4800</td>\n",
       "      <td>283.3600</td>\n",
       "      <td>177.7400</td>\n",
       "      <td>176.6400</td>\n",
       "      <td>214.9800</td>\n",
       "      <td>210.3500</td>\n",
       "      <td>0.0000</td>\n",
       "      <td>11.3900</td>\n",
       "      <td>203.6100</td>\n",
       "      <td>129.5700</td>\n",
       "      <td>196.9400</td>\n",
       "    </tr>\n",
       "    <tr>\n",
       "      <th>14</th>\n",
       "      <td>163.1803</td>\n",
       "      <td>199.3900</td>\n",
       "      <td>253.6200</td>\n",
       "      <td>184.9600</td>\n",
       "      <td>198.7900</td>\n",
       "      <td>208.9100</td>\n",
       "      <td>106.3000</td>\n",
       "      <td>202.3500</td>\n",
       "      <td>271.9700</td>\n",
       "      <td>184.6100</td>\n",
       "      <td>183.5100</td>\n",
       "      <td>203.5900</td>\n",
       "      <td>217.2200</td>\n",
       "      <td>11.3900</td>\n",
       "      <td>0.0000</td>\n",
       "      <td>210.4800</td>\n",
       "      <td>136.4400</td>\n",
       "      <td>185.5500</td>\n",
       "    </tr>\n",
       "    <tr>\n",
       "      <th>15</th>\n",
       "      <td>258.6403</td>\n",
       "      <td>105.7100</td>\n",
       "      <td>354.5400</td>\n",
       "      <td>239.5600</td>\n",
       "      <td>299.7100</td>\n",
       "      <td>200.3700</td>\n",
       "      <td>197.0800</td>\n",
       "      <td>239.6900</td>\n",
       "      <td>372.8900</td>\n",
       "      <td>242.0900</td>\n",
       "      <td>245.9900</td>\n",
       "      <td>304.5100</td>\n",
       "      <td>206.5400</td>\n",
       "      <td>203.6100</td>\n",
       "      <td>210.4800</td>\n",
       "      <td>0.0000</td>\n",
       "      <td>205.8400</td>\n",
       "      <td>286.4700</td>\n",
       "    </tr>\n",
       "    <tr>\n",
       "      <th>16</th>\n",
       "      <td>52.8003</td>\n",
       "      <td>100.1300</td>\n",
       "      <td>148.7000</td>\n",
       "      <td>48.5200</td>\n",
       "      <td>93.8700</td>\n",
       "      <td>72.4700</td>\n",
       "      <td>30.1400</td>\n",
       "      <td>65.9100</td>\n",
       "      <td>167.0500</td>\n",
       "      <td>48.1700</td>\n",
       "      <td>47.0700</td>\n",
       "      <td>98.6700</td>\n",
       "      <td>80.7800</td>\n",
       "      <td>129.5700</td>\n",
